,random signal
0,0.0077423068640427185
1,-0.28601024124460844
2,0.5536551399029404
3,-0.6846756923576484
4,0.11716276928673511
5,0.08533598332903103
6,0.14827983993783217
7,-0.3310797335738318
8,-0.14135444492987437
9,0.7575270202858915
10,0.23848549326772983
11,0.7755995737425898
12,-0.2522803843400856
13,0.5392613811610202
14,-0.923925983675954
15,0.054858937115170536
16,0.44725809111865
17,0.06467036080985686
18,0.6015774994011598
19,0.37233620184471644
20,-0.15668300159005738
21,-0.2623264295654729
22,0.29174670158688387
23,0.6175444813581101
24,0.3072387770177152
25,0.5163060555095917
26,0.11270433692419796
27,0.25096177846953904
28,0.43903927599377957
29,-0.022695655258686276
30,0.337774592435461
31,0.8656359124496138
32,0.3037566760757521
33,0.35287976901866397
34,0.7500954887571216
35,0.958732385023808
36,0.21868828689050807
37,0.329126042800131
38,0.5863190514413422
39,0.3772899548389833
40,0.529872232616337
41,0.6424437576598547
42,0.1811370697150655
43,0.626532250988179
44,0.8702881448436297
45,0.35606642511203
46,1.173614205211129
47,0.5889725494865844
48,1.1043778305968928
49,1.234892597109694
50,1.439076932714534
51,0.38127430415651103
52,0.5248511998474632
53,0.5438125628033463
54,0.8456241403316959
55,0.6635593652615333
56,0.9192412004985767
57,1.2065166916840182
58,0.8890039289062206
59,1.2585908963469
60,1.1775061085987546
61,0.6965748145752497
62,0.6410175990521444
63,0.4344905267878745
64,1.6344121589169258
65,1.0189050304609546
66,0.8394256277497455
67,0.8296666920756315
68,0.7591677302771934
69,1.6687355872692722
70,0.9053076323116377
71,0.5745259208354168
72,0.9675290671283401
73,0.987337271444592
74,1.4439747091483865
75,0.562818429785485
76,1.3146433822860468
77,1.1144990221510898
78,0.36481868412618323
79,1.1247814488617343
80,1.0299916267798328
81,0.993212961520928
82,1.9468410902221636
83,1.5779466900233698
84,1.529400858610193
85,1.1112761714489485
86,0.5319082238620091
87,0.6718572811544282
88,0.5453837233221235
89,1.443034971837382
90,0.969884010865304
91,0.8439473134826933
92,1.3202681645779508
93,0.4011953629646927
94,0.45034188356810956
95,1.1455161768384365
96,0.2409911123922981
97,0.6433918907796288
98,1.3341461832319386
99,0.9569256781042584
100,0.9402593090252788
101,0.040152601344542016
102,1.2198119449977032
103,1.6282758699272126
104,0.8480534468264569
105,1.0996047547641927
106,0.759459148575815
107,0.5803386348642448
108,1.2595782004122262
109,0.4280929999560945
110,0.6580494176325826
111,1.1339898987353203
112,0.8817164395753347
113,1.3321362081383503
114,0.6829113643766265
115,1.4465973853999117
116,1.244022702975912
117,1.0792823341611888
118,0.7500617764045105
119,0.3283825993222186
120,0.768620032007074
121,0.7638186171067414
122,0.5801767388281361
123,0.41055773893513026
124,0.4168445972653747
125,1.1159728512256901
126,1.3893071845543643
127,1.3541810889445602
128,0.956617434522484
129,0.3341837314777869
130,1.343562243397094
131,1.536444176096857
132,1.7992367566058296
133,1.177409200184162
134,1.4943923049125745
135,0.6083383886419901
136,0.35087640562052813
137,0.8259405964475329
138,0.8882657885658831
139,1.0502151720753894
140,0.1488007306349013
141,1.3962218406992137
142,1.327526132490184
143,1.6916398302686506
144,0.6456336318248899
145,0.5595568661696455
146,0.09439171012757686
147,0.7590151350421498
148,0.9928001075229858
149,1.281054936965456
150,0.5172525298157156
151,0.651169046409066
152,0.35824443716838994
153,-0.02213195638247989
154,0.9959435264464601
155,0.7083618128100988
156,0.5496270504305819
157,0.685573229077106
158,0.3410312484657086
159,1.1932159445982637
160,0.7245385447762605
161,0.590348911451931
162,0.7907158037087246
163,0.9568541452848499
164,1.3103598275684747
165,0.6044782453640666
166,0.43506196002500397
167,0.09977463056242664
168,0.9166198767810106
169,1.4100902274597313
170,0.22714954199573578
171,0.5495717148801551
172,0.884563490610931
173,0.698243266681646
174,0.5159833094859769
175,0.4330144898767977
176,1.1146661932146842
177,0.5470838260315144
178,0.6098514310124399
179,0.6633923782161574
180,0.883529608806456
181,0.31765661320024574
182,0.2475115770210063
183,0.32285219062167425
184,0.5270851178559777
185,0.539965995034537
186,0.4392512117556234
187,0.2935790406785028
188,0.9722708249513249
189,0.4511493037330452
190,0.44752753629899034
191,0.5585179621743521
192,1.0150705387604702
193,0.3708857488224349
194,0.40306037836254927
195,0.08517959492532667
196,0.12269002818887992
197,0.16310951431917883
198,1.405039113092094
199,0.3430264669754995
200,0.6294277747684287
201,0.3081238914636977
202,0.6706374032810309
203,0.5627867810177912
204,0.38836156262263866
205,0.2769378007678192
206,-0.24720152715841973
207,-0.010286587459543889
208,0.43019025337065425
209,0.4517049625654186
210,0.6961404429407785
211,0.4984958045659609
212,-0.20171306375724726
213,0.17160375897035626
214,0.30281128388304424
215,0.10267898456035407
216,0.1393453301481162
217,0.25656922788116754
218,-0.23998197119638692
219,-0.5723616642286058
220,-0.4453468332717816
221,-0.8741344952375862
222,-0.19002285520315118
223,-0.35047552405472177
224,0.20502587389793775
225,-0.18039345794610984
226,-0.23292179888451936
227,-0.23674762149381792
228,-0.20900499461953193
229,-0.27169732615380116
230,0.3672558645615917
231,0.01181666051969632
232,-0.011949190781301494
233,0.02400859106077563
234,-0.3952377998891603
235,-0.40130505809779127
236,-0.0913089244047057
237,-0.3683767411055491
238,-0.32823118345846103
239,-0.9237684165802913
240,-0.5252958502547418
241,-1.029766978569432
242,-0.4096135284816513
243,0.1129186822320355
244,-0.2129729632156111
245,-0.22457457421469493
246,0.002331754144041742
247,-0.8472422599197408
248,-0.720688218620254
249,-0.8049870777528056
250,-0.3225881063978834
251,-0.7689089752232376
252,0.18854457743423642
253,-0.8794044437288411
254,-1.1789844373495748
255,0.4901558331065727
256,-1.0311413357118684
257,0.02587418501030747
258,0.29721466219146253
259,-1.248268713591877
260,-1.2510204473412379
261,-1.0244545993003151
262,-0.7872189470717498
263,-0.38873089836344826
264,-0.5715918022628796
265,-0.2061875559813539
266,-0.6977859287966296
267,-0.6900362106671356
268,-0.49253320871330486
269,-0.8606780979397398
270,-0.8530802922305998
271,-0.5905894758048985
272,-1.3051106577435398
273,-0.18430927692563348
274,-0.8832201751854254
275,-0.5547203822688079
276,-0.8478395463048733
277,-0.14836602113035757
278,-0.6498097670629435
279,-0.7356415305571583
280,0.09881251196618579
281,-0.4595814035891598
282,-1.1743096719457118
283,-0.8222000865469157
284,-0.923577902013383
285,-0.9480123765377289
286,-0.5234529624102764
287,-0.7899521613793601
288,-0.6839351257721857
289,-0.3270599990182994
290,-0.5797812096008135
291,-0.8862674637877086
292,-1.2188571335052087
293,-0.5365775674862623
294,-1.3813158568395836
295,-0.5573454154915503
296,-0.6122160770597352
297,-1.2265305235011306
298,-0.8286349657738441
299,-0.739752128700007
300,-0.650952893813268
301,-1.583679259725102
302,-0.9491334292292359
303,-0.8928775747194496
304,-0.4173337587123451
305,-0.8395802964814327
306,-1.0998619902888866
307,-0.8561147116347236
308,-1.5346626109513783
309,-0.9709317236315257
310,-0.9301290860372832
311,-0.8030618202252268
312,-1.3959136415545985
313,-0.7000880367561669
314,-1.3280012152218874
315,-1.164754739451929
316,-0.817325566000157
317,-1.3052996015714333
318,-1.0839438565596262
319,-1.2033244696825423
320,-1.2866167290089274
321,-1.6948199114213471
322,-1.6897794955118801
323,-1.1354900959221694
324,-1.5667655625539023
325,-1.3213227204330693
326,-1.1247732713811862
327,-0.3226572130225739
328,-0.5278740369572457
329,-0.5764827497093759
330,-0.5810560248067662
331,-0.9725420150803769
332,-1.8479047039420764
333,-1.2217648879979868
334,-1.256607735213298
335,-0.33702042465969895
336,-1.1060650793270426
337,-0.31235211219390924
338,-0.9693840083985216
339,-1.0185893102989156
340,-0.7498070969343078
341,-1.3083755477026162
342,-1.0714921511861326
343,-1.646449862310955
344,-1.239655330841527
345,-0.8471030050152446
346,-0.6836751643322722
347,-0.8557402240655322
348,-0.8714488252335888
349,-1.1316755356855361
350,-0.5314482741765947
351,-1.1000926058689307
352,-1.8086312595127363
353,-0.5226459516894896
354,-1.4259655393337929
355,-0.837675162217328
356,-1.0188052769465652
357,-0.5603871274047243
358,-1.5260844330375232
359,-1.0763743710768314
360,-1.2531378502293373
361,-0.9465590775332253
362,-0.8392821356322707
363,-1.1860628389927623
364,-0.5351691510641189
365,-0.610588565318799
366,-1.43279448099422
367,-0.3588592117864319
368,0.20220358213548317
369,-0.6239368124276808
370,-1.3083890497180244
371,-0.8307306093147806
372,-0.5916602633189536
373,-1.0153685527179466
374,0.1764284818846239
375,-1.499005020913715
376,-1.251340200729417
377,-0.6978138175271942
378,-0.5433691763948466
379,-0.05077988405967904
380,-1.3767607599253506
381,-0.6521717588272588
382,-0.589136771820117
383,0.18312596191727903
384,-1.0525046435550698
385,-1.3520672003108065
386,-1.0490055717583089
387,-0.8614470921968005
388,-0.817163712395717
389,-0.4165391279946714
390,-0.39809936488063435
391,-0.22747544492903277
392,-1.0461451221972011
393,-0.3687347170742783
394,0.08097928024025847
395,-0.5398662830486168
396,-0.5703250094954468
397,-0.299810302805786
398,-0.6502430147600653
399,-0.1673741119339492
400,-0.3114618105644382
401,-1.1695338058965001
402,-0.48930552172276365
403,-0.5769306291301873
404,-0.9965624515573097
405,-1.0796659448823092
406,0.08936150756189304
407,-0.607939656021453
408,-0.41529001929934567
409,-0.08363289075731206
410,-0.5056318994440763
411,-0.2138113175173726
412,-0.9869440721252362
413,-0.30971900792591955
414,-0.18591605791202256
415,-0.7274724607650902
416,-0.5084701536882925
417,-0.4003919859074119
418,-0.38710238783462303
419,-1.0357576625976923
420,0.36078646632861494
421,-0.5169901159387643
422,-0.2894449405987896
423,-0.7647351576908193
424,0.48743640816042666
425,-0.22606640168462266
426,-0.7949918015277867
427,0.06498546960233703
428,0.26385884251209013
429,-0.310042824606182
430,0.4578137120611534
431,-0.7879052549874286
432,0.10742757960232259
433,0.2557136508920144
434,0.3323704645319423
435,-0.3334739473999073
436,0.3513465597453338
437,0.10809033811732788
438,-0.077168083532415
439,-0.5707678900849972
440,-0.3066188981265322
441,-0.17132560710966543
442,-0.38863386498872143
443,-0.12398894855099715
444,-0.06279473674864758
445,0.2971626008083841
446,0.593868708946978
447,0.23476429363894172
448,-0.4224182432871313
449,0.03006943945050325
450,1.0550249988543907
451,0.2729410161111814
452,0.7442519309774202
453,0.7322264931580252
454,0.03661909670974181
455,0.8424596159570076
456,0.2841656586994885
457,0.996814098920309
458,0.17785502194700004
459,0.5034745099778728
460,0.17305680893640277
461,-0.26552551102301886
462,0.7579314785871802
463,0.19982027169580532
464,0.197231638421928
465,-0.42721363865549933
466,1.101145422342384
467,-0.5043415290375746
468,0.8596370737303393
469,0.13983865826664033
470,-0.1316334236274858
471,1.2549772596335755
472,0.3878380561963215
473,0.09232225890469387
474,-0.09518008679165524
475,0.7056150829522486
476,0.115096174456294
477,1.202649061919048
478,0.2136909226516991
479,0.13056156158069104
480,0.20867235584244576
481,1.0682291504741597
482,0.5735811395925039
483,0.46490375230580216
484,1.2946909330057177
485,0.8599068328593036
486,0.7008601951132702
487,0.8092253966388768
488,1.0437737059541041
489,0.9029523045114396
490,-0.2349513068695751
491,0.813406169505022
492,1.3358940719026244
493,0.48773184460339436
494,1.0872331880005146
495,1.331747571886148
496,0.9194022131629542
497,0.32950970664864637
498,1.6103638798153042
499,1.427545229728016
500,1.0039037852305879
501,1.3199176458580748
502,0.602907593587676
503,0.14056725391985725
504,0.7867737323413573
505,0.5434887630623992
506,0.757676530514314
507,0.22885617740088038
508,0.4586059003742232
509,0.6783160651290785
510,1.3050387673067299
511,0.3397559229908762
512,1.2762605281211654
513,0.8179993202519238
514,0.9738135836612318
515,1.2164552709350038
516,1.69912859584166
517,0.6935266965423886
518,0.8903293534364194
519,0.4852935605778019
520,0.29169100642293144
521,0.8060003021711422
522,1.3254615339749354
523,0.8712145923156197
524,1.401902303466621
525,0.6370373008008433
526,0.6534640137522907
527,1.118323424447488
528,0.8262421784010412
529,1.8318227501391684
530,0.9471199927837173
531,1.0785977278732604
532,0.3030410857663284
533,1.3495798096919134
534,1.5864905978298136
535,1.4876564614855026
536,1.3267598348676342
537,0.7157933004268425
538,1.1688238423541433
539,0.8549190313840954
540,0.9187518669419436
541,1.0588569107217427
542,1.1852899989618426
543,0.8850806184343121
544,0.6291810806556202
545,1.4557061184705153
546,0.988887521844713
547,0.9491406534926564
548,1.096096929052246
549,1.9693801884061437
550,1.4194591952354503
551,0.3367935649563133
552,0.46032361387510634
553,1.234401185019135
554,1.5618189091265071
555,0.8029474689575898
556,0.2917858866020354
557,1.1220244615580905
558,1.832035573066312
559,1.0869811302610124
560,1.2467912661659832
561,0.981955830770564
562,1.4455651090186499
563,1.9019629264483184
564,1.056336124780728
565,1.3105716440522717
566,1.0904805157174255
567,1.0813534839947692
568,0.8082743088996368
569,0.881180177449191
570,0.5021180991594347
571,0.3713591405877045
572,1.1419103421618801
573,1.4205805345594904
574,0.712052241110131
575,0.5406866481291416
576,1.1064767550376928
577,0.6940683502418132
578,1.2178601727090324
579,1.1764092519145486
580,0.8255222668383607
581,1.202437204146606
582,0.7186746737138763
583,0.5902432018539665
584,0.8603437053892523
585,0.8891481776929393
586,0.6688834087959304
587,0.8165967012914308
588,1.4819341800666186
589,1.3707778614384394
590,0.9381440716642493
591,0.6000275689889935
592,0.8778929345437881
593,0.11189215455007195
594,0.8500212431489713
595,1.2173223601892365
596,0.5676242099240913
597,1.3523229427162051
598,0.8879929542965806
599,0.7498755691851664
600,0.5594627510837604
601,0.6664209109092116
602,0.6415073385645911
603,0.30108469972857144
604,1.240529715497607
605,1.1449667090609945
606,0.5510369614253344
607,1.1718651409940155
608,0.5094241140112483
609,0.739963308027373
610,0.5054707280948109
611,0.4794166491192829
612,0.35917748390127224
613,0.14790251886239508
614,1.2967768005992573
615,1.0423038184912585
616,-0.09558662648043048
617,0.8337226224514759
618,0.23103395164738355
619,0.2983191588688987
620,0.16473181089696476
621,0.8247021614589025
622,0.5091433277039312
623,0.02274077585672013
624,0.7279411449084154
625,0.7249953508488161
626,0.4357111874454056
627,0.32276124692738833
628,0.27291953715543704
629,0.28538927075263376
630,0.3194451874722346
631,0.2404950389485804
632,-0.24846230884670212
633,0.4455374656134072
634,-0.07781290301851934
635,0.4223814542915156
636,0.08154443970681302
637,0.18748433114532548
638,0.46538312837991086
639,0.18361728930709537
640,0.46597361254868397
641,0.3352328212082568
642,0.1178813054271566
643,0.19109396203596832
644,0.6187794499595412
645,0.7320678191342576
646,0.5996171902105367
647,-0.7586190176180085
648,0.009621748763263521
649,0.10608521035709575
650,-0.04605396322448191
651,0.10719113184567566
652,-0.3326868850694083
653,0.03575309129628959
654,0.3607703572664908
655,0.4070132566572902
656,0.19292328603872277
657,-0.24013158901935505
658,0.5713602279079082
659,0.8719021386759379
660,-0.1587627264189254
661,-0.25857615326647804
662,-0.7840513918283297
663,-0.8195016287789274
664,0.4508563931495744
665,-0.15292100293491068
666,-0.5098647264505624
667,-0.10147660669674213
668,-0.15091159719066022
669,-0.008286602283930355
670,-0.4093278088222886
671,-0.25770371031477257
672,-0.14990056090721576
673,-0.19945347973991162
674,0.06116009749601595
675,0.1412481924304929
676,-0.2320017217297242
677,0.049955756271752305
678,-1.0466088497847044
679,-0.9590488589021315
680,-0.05537237984373883
681,-0.9579371377898579
682,-0.0006304554840884102
683,-0.48323814024006995
684,0.4089552233988852
685,-0.512809095354552
686,-0.573105750776416
687,-0.7644217596382284
688,0.1634226704738148
689,0.3977660869286697
690,-0.13910457343209487
691,-0.7765182659145844
692,-0.2712182478397101
693,0.077316088426855
694,0.25385953893045665
695,-0.7778277618499989
696,-0.24221931020497922
697,-0.9053112214085222
698,0.15973056933157348
699,-0.5337606755112199
